0.036673
0.043827
0.023799
0.049326
0.087629
0.759806
1.000000
0.423506
0.075481
0.135055
0.138384
0.089663
0.095807
0.049281
0.050309
0.102183
0.115129
0.075618
0.092054
0.107969
0.092585
0.086643
0.139146
0.070479
0.175579
0.358540
0.044050
0.030930
0.156202
0.113673
0.061233
0.019576
0.077422
0.060928
0.113918
0.038391
0.018734
0.141286
0.054486
0.190608
0.346940
0.099556
0.044961
0.217319
0.195188
0.045178
0.080802
0.096320
0.088562
0.061335
0.132957
0.041510
0.078706
0.045780
0.102506
0.047781
0.097966
0.113904
0.149871
0.060531
0.173002
0.083761
0.243707
0.120708
0.150561
0.213236
0.172878
0.051237
0.021257
0.066965
0.077733
0.138165
0.063724
0.085653
0.046308
0.104713
0.326419
0.099327
0.063018
0.118233
0.468216
0.115822
0.052648
0.050401
0.133033
0.064183
0.061225
0.066986
0.061875
0.071167
0.110434
0.404644
0.647516
0.054392
0.035658
0.070214
0.089273
0.076242
0.045726
0.057947
0.178003
0.112305
0.239793
0.065497
0.109600
0.226474
0.037004
0.129213
0.108140
0.019101
0.275971
0.081156
0.047288
0.029036
0.074298
0.144925
0.090145
0.088243
0.162217
0.081198
0.097745
0.075641
0.014759
0.118266
0.175096
0.207771
0.022715
0.071583
0.160177
0.049675
0.083862
0.055323
0.134059
0.092479
0.069931
0.053751
0.049020
0.144406
0.271566
0.130417
0.270326
0.051869
0.345833
0.145911
0.086778
0.095857
0.082618
0.078770
0.082381
0.073071
0.075355
0.100905
0.062710
0.033274
0.099939
0.081585
0.034155
0.028277
0.224505
0.392415
0.054214
0.241795
0.020889
0.073763
0.051530
0.028688
0.081063
0.059554
0.057321
0.041411
0.135867
0.039815
0.092178
0.068999
0.061071
0.203254
0.015329
0.039213
0.019580
0.181017
0.276763
0.254438
0.053767
0.136279
0.104362
0.034885
0.091778
0.043082
0.218751
0.246450
0.128480
0.103335
0.218298
0.025226
0.413473
0.492514
0.048087
0.059187
0.061766
0.038340
0.077866
0.063499
0.065235
0.053909
0.534755
0.027232
0.150533
0.083653
0.074633
0.073985
0.088678
0.055125
0.062267
0.096438
0.059957
0.064069
0.063269
0.365321
0.142843
0.076212
0.182989
0.114217
0.123694
0.115492
0.177315
0.158268
0.035091
0.067549
0.082770
0.118505
0.110348
0.068487
0.002798
0.009627
0.007800
0.041151
0.227485
0.084350
0.060988
0.086141
0.059490
0.179029
0.111396
0.179415
0.102071
0.083432
0.139838
0.100596
0.523326
0.009708
0.264336
0.197684
0.080191
0.072986
0.165957
0.071111
0.053605
0.088778
0.030564
0.034301
0.107271
0.062566
0.314893
0.086621
0.144473
0.148704
0.066589
0.121123
0.116296
0.061521
0.099926
0.188292
0.084207
0.060406
0.064298
0.022799
0.009251
0.064077
0.069544
0.061661
0.117087
0.088087
0.036606
0.099410
0.130938
0.116439
0.115080
0.161045
0.114591
0.109799
0.171666
0.051885
0.112854
0.043830
0.159401
0.009431
0.125811
0.029102
0.037760
0.060480
0.120671
0.117200
0.037166
0.232104
0.107437
0.026828
0.017747
0.267130
0.040168
0.047165
0.067664
0.161982
0.054982
0.439485
0.114931
0.026075
0.041931
0.087075
0.117164
0.080201
0.387183
0.088969
0.297579
0.127894
0.047353
0.128055
0.105442
0.181528
0.127972
0.013881
0.080013
0.180044
0.135381
0.260166
0.078298
0.151634
0.065905
0.034520
0.058744
0.157364
0.076121
0.308295
0.037779
0.067698
0.121793
0.070741
0.097855
0.116402
0.594352
0.097897
0.359805
0.098620
0.107123
0.047507
0.106860
0.114142
0.021298
0.036435
0.369562
0.068795
0.041807
0.038771
0.039693
0.055880
0.106190
0.107159
0.082870
0.078077
0.042953
0.091925
0.185266
0.064638
0.049697
0.125006
0.182293
0.073116
0.264258
0.006727
0.287761
0.033440
0.045909
0.069133
0.117463
0.105225
0.105154
0.014662
0.403718
0.072072
0.065510
0.079836
0.036702
0.051718
0.071200
0.061047
0.027193
0.051202
0.069890
0.009547
0.111184
0.103507
0.072541
0.047599
0.027159
0.061786
0.093490
0.111362
0.059066
0.069514
0.102419
0.268475
0.211592
0.072474
0.095227
0.093683
0.138605
0.164923
0.142639
0.121404
0.173107
0.396033
0.047931
0.040372
0.053677
0.038478
0.601863
0.024949
0.045005
0.052103
0.036837
0.132298
0.061089
0.202549
0.080483
0.121525
0.026053
0.064139
0.146066
0.116579
0.091281
0.124296
0.114155
0.141801
0.060118
0.474728
0.055356
0.070252
0.016676
0.046200
0.035084
0.053066
0.062692
0.095702
0.058982
0.024838
0.030514
0.040104
0.096873
0.069878
0.134082
0.115781
0.129696
0.184887
0.082029
0.032332
0.026009
0.042295
0.037451
0.098380
0.089287
0.112807
0.147470
0.065619
0.064924
0.079220
0.066950
0.051383
0.066330
0.117229
0.323675
0.565043
0.112710
0.066992
0.269483
0.044084
0.156142
0.262640
0.092596
0.118402
0.078773
0.049934
0.068240
0.168164
0.034642
0.064214
0.093152
0.052613
0.056176
0.059689
0.037287
0.024645
0.050331
0.077206
0.128517
0.248926
0.056625
0.607563
0.124967
0.157058
0.122272
0.250558
0.101180
0.075932
0.096620
0.111937
0.158913
0.127296
0.040510
0.122604
0.067945
0.049528
0.107828
0.141954
0.054237
0.051098
0.105173
0.068391
0.054751
0.034645
0.036832
0.028131
0.016482
0.549708
0.034460
0.030348
0.211440
0.104743
0.079244
0.061960
0.094865
0.104743
0.112795
0.080610
0.134520
0.231655
0.104613
0.107614
0.051186
0.677175
0.016115
0.057520
0.051853
0.055870
0.055604
0.058716
0.136181
0.107559
0.109674
0.044339
0.049805
0.122823
0.067610
0.101325
0.052415
0.055638
0.135902
0.066955
0.119144
0.092375
0.157220
0.116778
0.200748
0.362672
0.043368
0.088467
0.010460
0.100711
0.095483
0.051164
0.035494
0.093599
0.028674
0.067677
0.069230
0.103430
0.103833
0.059649
0.050386
0.196601
0.200299
0.053943
0.074894
0.147509
0.075346
0.067686
0.304233
0.387590
0.096806
0.193886
0.165071
0.262372
0.291341
0.187826
0.274381
0.688204
0.078726
0.071324
0.045172
0.048792
0.123463
0.112380
0.097776
0.061464
0.039516
0.082188
0.060015
0.038808
0.062861
0.236630
0.378319
0.126724
0.089224
0.133120
0.121806
0.121926
0.230672
0.090263
0.054707
0.020101
0.104368
0.135888
0.094800
0.074789
0.175402
0.048720
0.469461
0.000870
0.110650
0.143802
0.051595
0.184070
0.070578
0.134785
0.039074
0.090946
0.028133
0.042612
0.072247
0.121289
0.181050
0.054484
0.026221
0.055742
0.355521
0.073456
0.014876
0.110845
0.073037
0.080196
0.022664
0.094735
0.110711
0.090335
0.125157
0.032676
0.171842
0.174811
0.038415
0.092587
0.149773
0.070913
0.113779
0.034857
0.040488
0.129445
0.392517
0.336349
0.369071
0.096947
0.011104
0.041872
0.593031
0.701175
0.044237
0.357156
0.131930
0.137663
0.118217
0.080083
0.100479
0.096679
0.033292
0.101218
0.075731
0.055380
0.204518
0.034004
0.468576
0.014629
0.021965
0.039836
0.149779
0.156231
0.128950
0.134572
0.138153
0.518194
0.186716
0.170143
0.122019
0.019190
0.037761
0.034943
0.057218
0.050862
0.098061
0.038826
0.150363
0.449960
0.021786
0.103511
0.090344
0.141377
0.067931
0.042846
0.121381
0.050679
0.055917
0.072290
0.073181
0.671675
0.060902
0.431324
0.484616
0.479010
0.181088
0.320796
0.076916
0.107522
0.145002
0.924796
0.088926
0.064810
0.224175
0.386261
0.234647
0.111049
0.372897
0.089913
0.015388
0.082127
0.076785
0.243756
0.083730
0.005380
0.069626
0.004629
0.094821
0.010989
0.053067
0.051665
0.089807
0.044651
0.017165
0.225460
0.025290
0.037142
0.021666
0.000000
0.154309
0.079344
0.126626
0.109897
0.067311
0.104099
0.030829
0.018011
0.221866
0.083080
0.109710
0.154436
0.082618
0.082663
0.097940
0.021158
0.052753
0.057754
0.074806
0.069119
0.100577
0.131261
0.122805
0.411176
0.082123
0.075118
0.335510
0.044331
0.144386
0.082340
0.352122
0.175495
0.043819
0.153321
0.059333
0.065785
0.021894
0.047860
0.021086
0.122922
0.166706
0.097362
0.154332
0.192008
0.876249
0.098167
0.091909
0.040155
0.015486
0.087930
0.050333
0.056508
0.143700
0.181850
0.133145
0.037371
0.168826
0.047833
0.105265
0.207906
0.055568
0.194169
0.103248
0.064679
0.050222
0.041734
0.040451
0.241961
0.059314
0.044979
0.051870
0.147926
0.087402
0.098613
0.223576
0.061704
0.146937
0.125134
0.108005
0.064517
0.208522
0.833686
0.716001
0.180452
0.060947
0.043119
0.029492
0.152431
0.083675
0.030364
0.035204
0.110937
0.044049
0.071286
0.080751
0.064118
0.105116
0.102034
0.071698
0.093706
0.110812