0.484391
0.470107
0.337254
0.609372
0.700155
0.622098
0.604950
0.715068
0.298038
0.717351
0.474219
0.410902
0.477594
0.461211
0.472653
0.503908
0.464678
0.481987
0.454093
0.455041
0.493398
0.474336
0.654166
0.471199
0.699370
0.743433
0.455562
0.420159
0.465818
0.404497
0.500231
0.461281
0.419581
0.485261
0.477803
0.517255
0.507528
0.540716
0.454259
0.382653
0.184714
0.632554
0.482269
0.523581
0.886487
0.439925
0.451245
0.384590
0.459933
0.581874
0.499538
0.379663
0.456701
0.478447
0.426490
0.455160
0.454796
0.529260
0.592725
0.565166
0.617403
0.497417
0.404685
0.777066
0.438940
0.659461
0.727406
0.448074
0.475551
0.532813
0.561553
0.601501
0.478570
0.557283
0.451832
0.734594
0.528710
0.356987
0.464705
0.503092
0.439955
0.693611
0.576227
0.549958
0.755401
0.487889
0.450979
0.519346
0.475390
0.438948
0.479905
0.558015
0.912768
0.490793
0.523379
0.459547
0.492328
0.457757
0.504505
0.490690
0.243572
0.531891
0.254758
0.565042
0.497596
0.745976
0.534302
0.463886
0.714275
0.386641
0.278516
0.509213
0.467619
0.507775
0.546430
0.557969
0.616159
0.457041
0.365397
0.475973
0.512804
0.593079
0.494519
0.613546
0.193804
0.419184
0.421877
0.400113
0.545334
0.429670
0.474971
0.515921
0.394891
0.596138
0.488358
0.459144
0.446674
0.595268
0.467836
0.523731
0.509661
0.472297
0.096205
0.232612
0.429470
0.433144
0.450134
0.435123
0.420465
0.447889
0.433877
0.445809
0.487013
0.460404
0.592668
0.508999
0.467713
0.483454
0.136501
0.007419
0.478269
0.445287
0.452220
0.472667
0.479420
0.417539
0.575445
0.481452
0.458480
0.456289
0.561164
0.473009
0.466329
0.464892
0.469975
0.610465
0.437604
0.520958
0.402517
0.500822
0.225239
0.258759
0.464722
0.446225
0.455918
0.461580
0.439240
0.499161
0.439901
0.136203
0.701817
0.350106
0.573510
0.493212
0.620802
0.315697
0.477496
0.575153
0.444153
0.482187
0.690575
0.517384
0.483444
0.401745
0.134919
0.518066
0.691899
0.388837
0.381061
0.530887
0.469033
0.474738
0.435206
0.468892
0.466825
0.466471
0.501748
0.570468
0.698100
0.509448
0.460542
0.493120
0.587052
0.558560
0.657838
0.676506
0.468374
0.471227
0.428794
0.422933
0.396726
0.479156
0.396239
0.413763
0.436648
0.458300
0.506440
0.465529
0.483641
0.531872
0.516564
0.814780
0.502294
0.821740
0.496498
0.706476
0.754619
0.548041
0.366572
0.411228
0.745061
0.635111
0.287532
0.478007
0.842942
0.465952
0.455230
0.480274
0.475851
0.459048
0.487280
0.493490
0.744298
0.533153
0.788298
0.835433
0.638279
0.717209
0.640574
0.641677
0.416931
0.273723
0.483147
0.516233
0.509755
0.505732
0.488905
0.457925
0.463919
0.459049
0.510182
0.468545
0.468943
0.597706
0.766624
0.717276
0.648766
0.822257
0.639587
0.687430
0.644125
0.545765
0.494342
0.491682
0.509406
0.457353
0.365723
0.456164
0.456028
0.470811
0.453951
0.600794
0.458289
0.571027
0.412211
0.427923
0.484520
0.580654
0.453498
0.472289
0.470734
0.474271
0.478000
0.618772
0.759179
0.467309
0.457776
0.453724
0.574874
0.452485
0.730787
0.516728
0.371517
0.587644
0.469391
0.543592
0.477826
0.414660
0.573780
0.461213
0.495677
0.312117
0.304201
0.407959
0.367124
0.598224
0.513997
0.492669
0.478181
0.771888
0.550740
0.616701
0.488849
0.455975
0.479373
0.390633
0.683343
0.483533
0.808037
0.480117
0.743176
0.488649
0.662318
0.492540
0.542409
0.462655
0.454649
0.451970
0.241037
0.492694
0.476611
0.491833
0.483848
0.492013
0.444135
0.451530
0.436117
0.458000
0.442752
0.522524
0.280482
0.426597
0.455545
0.412020
0.391214
0.444148
0.712234
0.475516
0.773219
0.503554
0.465281
0.559729
0.786508
0.592728
0.621673
0.466136
0.429950
0.461568
0.471051
0.446054
0.478957
0.442483
0.463447
0.564929
0.463596
0.453411
0.441738
0.389925
0.497905
0.470620
0.429597
0.459693
0.508267
0.493486
0.478923
0.523695
0.446721
0.468441
0.486624
0.338101
0.565924
0.518411
0.475902
0.465429
0.551357
0.453809
0.762139
0.630596
0.631500
0.082685
0.477575
0.441656
0.448836
0.462049
0.199534
0.465591
0.444019
0.463445
0.466739
0.763253
0.480869
0.648856
0.523206
0.541368
0.447400
0.453719
0.687797
0.325064
0.532630
0.338035
0.356145
0.615370
0.532532
0.906947
0.465888
0.465241
0.478051
0.502148
0.497932
0.480601
0.472918
0.442152
0.457480
0.483425
0.378467
0.544220
0.493260
0.434686
0.490965
0.385385
0.712171
0.398482
0.470412
0.455019
0.451297
0.469388
0.460978
0.719186
0.654304
0.687796
0.454065
0.475770
0.456621
0.500360
0.463870
0.462909
0.667199
0.441296
0.509045
0.812549
0.568212
0.439236
0.500170
0.468937
0.887367
0.542381
0.335033
0.361169
0.477640
0.490065
0.449927
0.400440
0.457198
0.486920
0.515552
0.457880
0.555276
0.505288
0.472125
0.516884
0.485885
0.466761
0.526594
0.662111
0.569410
0.311122
0.727601
0.444247
0.553044
0.429645
0.476532
0.543111
0.495304
0.539321
0.312846
0.587864
0.444392
0.484413
0.559103
0.447493
0.679539
0.746563
0.611006
0.508234
0.573879
0.589952
0.570344
0.480773
0.545111
0.492625
0.498755
0.375157
0.440284
0.387450
0.574706
0.440558
0.446209
0.471546
0.632921
0.710132
0.483382
0.464728
0.607665
0.496382
0.551827
0.725225
0.458692
0.537662
0.448923
0.517191
0.475445
0.466195
0.488621
0.499651
0.478769
0.445731
0.466017
0.481525
0.494891
0.483521
0.463020
0.523379
0.503766
0.568955
0.502882
0.475162
0.807796
0.462134
0.760825
0.570911
0.639402
0.104953
0.490903
0.456650
0.486958
0.448703
0.476322
0.445668
0.462076
0.764549
0.462605
0.488298
0.511044
0.507733
0.547914
0.480182
0.469497
0.680119
0.150205
0.453374
0.474592
0.530592
0.483107
0.224638
0.242731
0.019078
0.557725
0.309736
0.228856
0.274310
0.425902
0.329798
0.000000
0.194153
0.454577
0.453396
0.460706
0.457799
0.718020
0.474142
0.563198
0.480433
0.466630
0.406431
0.489093
0.464274
0.507830
0.122171
0.373530
0.476087
0.434900
0.422823
0.625832
0.646338
0.524373
0.503890
0.492505
0.473160
0.538512
0.485859
0.743728
0.695334
0.681904
0.462992
0.977907
0.404480
0.564032
0.452714
0.444334
0.521806
0.446273
0.575248
0.465666
0.459344
0.465278
0.461525
0.660517
0.728974
0.588879
0.461590
0.492972
0.286652
0.375118
0.579173
0.474549
0.461908
0.492252
0.463163
0.449947
0.468317
0.429999
0.532751
0.755411
0.501448
0.279135
0.492155
0.529182
0.571557
0.622967
0.641570
0.618768
0.479343
0.468773
0.481848
0.654884
0.418541
0.174723
0.435596
0.463434
0.429356
0.282016
0.441084
0.417446
0.265883
0.601462
0.274951
0.669214
0.484302
0.461509
0.607824
0.465425
0.584151
0.592190
0.544660
0.195519
0.399587
0.899701
0.437336
0.453042
0.451507
0.747476
0.855523
0.726748
0.760009
0.732226
0.535958
0.382050
0.376503
0.505752
0.409168
0.498537
0.505711
0.567571
0.586290
0.535220
0.434937
0.588451
0.430714
0.463709
0.463497
0.351377
0.489361
0.460589
0.455019
0.466229
0.469431
0.489159
0.476003
0.541804
0.291913
0.490980
0.519068
0.341190
0.485177
0.439131
0.193059
0.245201
0.332721
0.493869
0.455881
0.416992
0.461191
0.065084
0.000910
0.474440
0.363860
0.538384
0.443321
0.451471
0.434495
0.416940
0.517167
0.542994
0.431037
0.401498
0.458562
0.435644
0.374030
0.409955
0.467861
0.493525
0.462225
0.362015
0.244826
0.435329
0.456034
0.438912
0.401964
0.547788
0.478223
0.521058
0.773829
0.627488
0.560399
0.498311
0.466976
0.370175
0.731535
0.473395
0.492019
0.411243
0.701355
0.542410
0.444864
0.463345
0.455422
0.488250
0.536233
0.493893
0.564298
0.532572
0.735268
0.674481
0.467086
0.398143
0.458626
0.670030
0.553185
0.770932
0.715877
0.444571
0.557087
0.394559
0.448918
0.459894
0.467638
0.463083
0.482539
0.558277
0.539083
0.476228
0.306496
1.000000
0.363539
0.736179
0.472745
0.475869
0.584799
0.509502
0.478604
0.440027
0.325695
0.406037
0.471836
0.317241
0.358669
0.384580
0.276480
0.406542
0.282368
0.433014
0.478181
0.459798
0.486860
0.497761
0.512081
0.330402
0.448372
0.468261
0.563526
0.546048
0.540622
0.473026
0.489133
0.590995
0.534754
0.448440
0.490463
0.403321
0.431269
0.048479
0.554696
0.499462
0.485060
0.474877
0.644635
0.428847
0.463256
0.485062
0.793120
0.474422
0.438815
0.445612
0.455571
0.476180
0.504716
0.487269
0.467355
0.361879