0.288704
0.302307
0.433835
0.299372
0.304257
0.594543
0.309121
0.567471
0.560723
0.251039
0.308382
0.366679
0.301845
0.303301
0.293821
0.308983
0.364761
0.303013
0.333771
0.313452
0.331668
0.352916
0.355892
0.281052
0.238787
0.579525
0.295188
0.292415
0.367635
0.423654
0.262736
0.298415
0.379362
0.318086
0.293723
0.267438
0.271321
0.319470
0.257801
0.320114
0.512740
0.338857
0.315821
0.223483
0.409263
0.332784
0.316039
0.373677
0.261354
0.304695
0.335694
0.408387
0.296294
0.287410
0.215184
0.296297
0.290304
0.295725
0.289117
0.303664
0.304660
0.245076
0.261506
0.342777
0.363362
0.383867
0.376008
0.279109
0.278626
0.260664
0.357406
0.225411
0.357798
0.284763
0.297402
0.294386
0.460800
0.266370
0.329410
0.317510
0.007738
0.279120
0.282891
0.288859
0.289933
0.309593
0.298191
0.297572
0.329332
0.292935
0.413806
0.828906
0.518192
0.251025
0.274692
0.321067
0.317343
0.302129
0.274932
0.308722
0.344279
0.298646
0.355563
0.310344
0.305716
0.283010
0.274166
0.272641
0.310136
0.382529
0.300626
0.295641
0.284765
0.281902
0.247598
0.250876
0.285161
0.310490
0.277703
0.328627
0.338471
0.236832
0.280945
0.342226
0.728445
0.161022
0.342384
0.393628
0.269985
0.341781
0.295328
0.273869
0.416611
0.356257
0.285660
0.311873
0.259612
0.236374
0.085488
0.296336
0.131467
0.261456
0.322058
0.701499
0.264550
0.304323
0.296045
0.337161
0.313512
0.289638
0.304136
0.303571
0.307677
0.305129
0.383802
0.286123
0.304778
0.272533
0.487620
0.489343
0.411065
0.125367
0.279907
0.307442
0.284876
0.345596
0.317081
0.393181
0.285683
0.310605
0.307518
0.267997
0.310626
0.314762
0.323338
0.300912
0.340641
0.270481
0.377655
0.436110
0.175302
0.140073
0.305568
0.333143
0.333010
0.271335
0.339825
0.307225
0.361050
0.248700
0.280364
0.218375
0.462750
0.278240
0.000000
0.142395
0.308815
0.252571
0.287566
0.303629
0.309011
0.309854
0.300064
0.414350
0.291429
0.261550
0.346151
0.345476
0.293376
0.296193
0.295547
0.290477
0.321986
0.302958
0.287770
0.284370
0.290242
0.422431
0.372611
0.322976
0.185267
0.210883
0.255492
0.321069
0.252918
0.306717
0.305711
0.275575
0.368363
0.232750
0.206650
0.238545
0.360537
0.349869
0.340894
0.322254
0.284980
0.229874
0.326571
0.282857
0.431894
0.276970
0.343167
0.294524
0.314661
0.386746
0.289716
0.303481
0.057683
0.356871
0.616052
0.285293
0.369305
0.274523
0.294928
0.348121
0.311482
0.314586
0.296373
0.301263
0.320131
0.317059
0.120884
0.276999
0.315478
0.413422
0.281455
0.298540
0.331824
0.335140
0.370390
0.230801
0.303997
0.308286
0.304291
0.270835
0.280445
0.292873
0.291813
0.286882
0.298087
0.303775
0.289833
0.417690
0.419716
0.333301
0.394634
0.352301
0.464153
0.399609
0.195585
0.423968
0.300990
0.296872
0.354544
0.288440
0.405675
0.263867
0.317544
0.297486
0.319968
0.351955
0.421576
0.365592
0.258633
0.275544
0.283298
0.493725
0.296097
0.295314
0.326868
0.421710
0.303730
0.620009
0.363474
0.296959
0.303092
0.318323
0.303582
0.315901
0.360910
0.250000
0.204881
0.268105
0.299741
0.226215
0.319418
0.303466
0.342321
0.286046
0.367256
0.190826
0.195155
0.161930
0.306993
0.287054
0.287370
0.268780
0.304716
0.291092
0.258712
0.217071
0.333541
0.296165
0.367458
0.454719
0.312000
0.337172
0.526743
0.303837
0.328978
0.287821
0.329279
0.280703
0.331023
0.413751
0.275377
0.312938
0.063056
0.282604
0.323653
0.307719
0.299464
0.304487
0.323983
0.325563
0.287394
0.300574
0.339263
0.273001
0.323623
0.228488
0.299080
0.292455
0.278911
0.369295
0.506338
0.290464
0.474438
0.258151
0.302701
0.347657
0.355794
0.275667
0.259281
0.284191
0.155433
0.295252
0.300752
0.318906
0.300515
0.323821
0.320691
0.236581
0.265503
0.278668
0.283358
0.354718
0.303642
0.301727
0.239077
0.335503
0.313992
0.363475
0.299678
0.294893
0.322557
0.290139
0.292411
0.524929
0.126577
0.322053
0.420477
0.303727
0.194356
0.369948
0.273524
0.226222
0.210918
0.732810
0.284485
0.307530
0.252800
0.303289
0.164683
0.299056
0.303358
0.300924
0.306979
0.310122
0.294657
0.465750
0.335198
0.269656
0.264388
0.330086
0.287924
0.389671
0.324044
0.248007
0.432689
0.248078
0.253439
0.099169
0.311916
0.307525
0.281227
0.276722
0.275317
0.260452
0.312100
0.310179
0.301909
0.279088
0.371633
0.248539
0.349971
0.342091
0.336411
0.217695
0.296567
0.242455
0.294093
0.302219
0.303400
0.319060
0.314037
0.391799
0.270331
0.260892
0.476842
0.367429
0.336931
0.345744
0.363792
0.321490
0.330119
0.314809
0.359963
0.271179
0.240550
0.392981
0.313610
0.294699
0.335017
0.380905
0.305011
0.230030
0.314436
0.308195
0.378152
0.174192
0.291023
0.294463
0.309652
0.291353
0.255483
0.315288
0.304655
0.261613
0.256400
0.362568
0.396722
0.308888
0.312250
0.134088
0.312769
0.359750
0.468225
0.331548
0.358572
0.233197
0.276380
0.313483
0.154465
0.308424
0.313660
0.308206
0.306495
0.304704
0.278256
0.342537
0.347419
0.267684
0.286844
0.259497
0.249620
0.304687
0.256377
0.271982
0.271636
0.017396
0.319358
0.402004
0.378442
0.369907
0.302114
0.297329
0.231006
0.314994
0.296204
0.336916
0.345210
0.289503
0.284421
0.311924
0.414642
0.021171
0.288012
0.287933
0.315972
0.308945
0.291084
0.299821
0.305339
0.283740
0.290198
0.272846
0.296633
0.330119
0.316468
0.283783
0.288782
0.266768
0.312339
0.358543
0.324119
0.442335
0.333680
0.220638
0.195956
0.229385
0.255236
0.341385
0.285883
0.307525
0.336256
0.328782
0.315103
0.333894
0.310428
0.331248
0.265586
0.351189
0.303698
0.291168
0.285252
0.245692
0.550054
0.309953
0.309887
0.237504
0.302051
0.577320
0.322627
0.429152
0.289052
0.105230
0.217078
0.038760
0.070997
0.071603
0.404246
0.242766
0.292488
0.295961
0.312081
0.324026
0.242498
0.308515
0.318974
0.254014
0.294347
0.380003
0.307620
0.313320
0.316925
0.549221
0.047916
0.327714
0.362214
0.188454
0.282493
0.330575
0.304598
0.296726
0.289557
0.284490
0.292071
0.285926
0.322863
0.323598
0.422185
0.313392
0.259505
0.353301
0.304756
0.238764
0.280542
0.353459
0.288434
0.302790
0.310763
0.301380
0.305549
0.317857
0.325126
0.298156
0.405527
0.294414
0.281306
0.534023
0.489769
0.251384
0.287299
0.341779
0.344000
0.294846
0.308006
0.334360
0.367775
0.260207
0.340108
0.271884
0.158439
0.320137
0.281341
0.378131
0.363186
0.315065
0.346113
0.297260
0.302039
0.347901
0.137486
0.096045
0.015712
0.207410
0.284149
0.244617
0.040640
0.321693
0.248232
0.062206
0.291421
0.587913
0.333274
0.285488
0.287933
0.246307
0.321034
0.224695
0.258789
0.252643
0.333187
0.374647
0.392906
0.295689
0.281938
0.272168
0.325538
0.295083
0.401057
0.384698
0.368798
0.193618
0.421042
0.519195
0.425003
0.403447
0.271196
0.288140
0.258923
0.317045
0.310186
0.420940
0.248156
0.066420
0.338202
0.260921
0.212802
0.313578
0.290940
0.305833
0.299017
0.326669
0.311800
0.298407
0.274846
0.249599
0.278846
0.287852
1.000000
0.009239
0.076222
0.488427
0.461864
0.192712
0.296455
0.414829
0.309692
0.276384
0.517798
0.242151
0.127029
0.438719
0.210998
0.262706
0.284904
0.295199
0.335480
0.401676
0.315843
0.332418
0.222659
0.292675
0.403105
0.375170
0.244906
0.310553
0.288298
0.292647
0.390882
0.213744
0.277934
0.311638
0.335269
0.351864
0.307820
0.409543
0.360049
0.348430
0.286498
0.308165
0.267634
0.283793
0.301877
0.376856
0.355269
0.253806
0.264516
0.333821
0.286860
0.266438
0.300925
0.305725
0.334609
0.326222
0.373575
0.254012
0.354860
0.345109
0.315533
0.296562
0.137820
0.293181
0.395127
0.328746
0.464058
0.339459
0.308562
0.178001
0.352965
0.314603
0.313544
0.319472
0.310403
0.261371
0.484958
0.371333
0.367151
0.729293
0.431200
0.375822
0.317386
0.315027
0.279331
0.252277
0.267218
0.309533
0.255207
0.201715
0.250684
0.264930
0.415971
0.436540
0.223949
0.156934
0.367909
0.152891
0.319973
0.336513
0.326490
0.270649
0.269028
0.289493
0.520191
0.323209
0.254288
0.360306
0.353435
0.311736
0.291286
0.369272
0.405579
0.257910
0.210560
0.305183
0.201593
0.268191
0.643679
0.202878
0.229499
0.261378
0.307567
0.353612
0.325776
0.296791
0.307600
0.369019
0.297371
0.321323
0.316323
0.300405
0.323613
0.306223
0.308065
0.314786
0.204515